-119-

autem cic. do rep. in fragmen·
tis libri lv. 6. “ Maius ed. 2.]

Varus 1, 12. 2, 6. Seruii Vari
epigramma 2, 3.

Vergilius. Epigramma 1, 20.
’ Bne. l‚l 7,16. .
60 5,13.
2,6 6, 25.
15 611.
,1, 42 9,1.
49 69, 26.
” 60 6, 28.
· 1,1 ’ 7,16.
6,1 7,17.
11 1616. .
8, 11 81, 11. -
· 105 94, 25.
6,1 ι 611.
10 .74,1.
14 6, 6.
Georg. l,1 26, 5.
36 100, 22.
64 79, 5.
69 33,1. ’
ι111 3111.
160 61, 1.
169 95, 61.
222Ι 17,12.
376 9, 22.
216 2616.
61 26, 26.
3,12 33, 24.
· 16 72, 6.
177 ’ 71, 6.
295 76, 24.
532 6217.
’ 4164 11,11.
66, 24.
21,25. ·
62, 4.
6, 33.
1ο, 11.
19, 7.
61, 29.
⁸²2 ²³· 111, 81, 1.

 

